11938
61
64
64
64
11925
41
44
44
44
11925
47
50
50
50
48
48
50
11925
184
49
187
48
187
53
187
58
187
11925
77
80
52
55
55
55
11925
86
89
72
75
75
75
75
75
75
11925
22
25
11925
89
92
92
92
26
26
92
29
29
92
11925
43
46
46
43
43
46
11925
36
39
38
38
11925
27
30
29
29
11925
87
90
90
45
45
90
90
90
90
90
11925
35
38
37
37
11925
46
49
49
49
11925
29
32
11925
74
77
77
77
65
65
77
11925
27
30
29
29
11925
32
35
35
11925
36
39
39
11925
48
51
22
51
34
11925
189
192
192
192
192
192
192
192
192
11925
101
23
23
104
104
104
61
61
104
34
34
104
22
25
11925
36
39
11925
74
77
77
62
62
77
11925
41
44
11925
35
38
38
11925
43
43
46
11925
156
159
159
159
159
159
159
11925
58
61
61
58
58
61
11925
46
49
26
26
49
49
11925
88
23
23
91
91
91
63
63
91
34
34
91
11925
45
48
11925
47
50
49
49
11925
50
53
52
52
11925
24
27
26
26
11925
31
34
11925
64
67
63
63
56
56
63
64
67
11925
15
11925
56
37
36
36
59
30
29
29
11925
59
62
62
62
62
62
11925
59
62
62
62
62
62
62
62
11925
41
44
44
41
41
44
11925
46
49
41
40
30
30
40
11925
37
40
39
39
11925
31
34
34
11925
85
69
43
43
69
70
70
88
11925
50
53
53
11925
55
58
58
58
11925
10
11925
10
11925
31
34
33
33
11925
88
91
91
91
91
91
11925
64
67
67
67
68
63
63
68
11925
29
11925
43
46
45
45
11925
30
33
33
11925
53
56
56
11925
50
53
43
43
42
42
53
52
53
11925
47
50
50
50
11925
46
49
45
49
11925
42
42
45
11925
138
49
49
141
28
141
32
141
27
141
37
11925
47
50
11925
34
37
37
37
11925
24
11925
26
29
11925
26
29
29
11925
62
65
65
11925
32
36
11925
49
52
52
11925
521
524
43
43
40
40
43
524
52
52
52
53
53
524
38
38
38
38
524
37
37
524
44
44
44
44
524
58
58
58
46
58
524
64
64
64
64
524
73
73
73
73
73
524
40
40
524
30
30
524
28
28
524
29
29
524
32
32
524
524
30
524
30
30
11925
59
62
62
62
62
62
62
11925
37
40
39
39
11925
19
22
11925
24
27
27
27
11925
27
30
29
29
11925
75
78
78
78
78
11925
32
35
11925
69
35
35
72
33
33
72
20
11925
58
61
43
43
43
43
11925
43
46
11925
63
66
66
66
66
11925
19
11925
21
24
24
11925
31
34
33
33
11925
15
11925
15
11925
797
800
31
31
800
27
27
800
63
63
63
63
800
39
39
39
800
46
46
800
34
34
34
800
39
39
39
800
20
800
32
32
32
800
29
28
28
800
23
23
23
23
37
800
15
15
27
800
41
29
29
29
41
800
37
26
26
37
800
53
41
26
41
39
39
41
50
53
800
47
34
34
34
34
47
800
38
38
800
39
28
28
39
800
31
31
800
31
31
800
31
31
800
32
32
800
32
32
800
44
44
44
44
800
19
19
105
106
60
63
63
63
63
63
63
63
63
63
63
63
106
11925
158
24
24
161
161
161
161
161
26
26
161
24
24
161
81
80
80
83
11925
102
59
59
105
54
53
53
11925
90
80
80
80
80
80
93
11925
65
68
68
11925
80
83
78
40
23
23
40
81
53
53
44
44
44
53
56
56
11925
24
27
11925
60
63
11925
19
22
22
11925
24
14
27
11925
35
14
38
11925
37
40
31
31
11925
42
26
45
27
11925
26
29
29
11925
25
11925
23
11925
24
11925
22
11925
21
11925
21
11925
22
11925
21
11925
22
11925
22
11925
25
11925
24
11925
19
11925
23
11925
21
11925
21
11925
24
11925
22
11925
24
11925
22
11925
20
11925
19
11925
21
11925
27
11925
23
11925
27
11925
20
11925
26
11925
21
11925
23
11925
20
11925
24
11925
24
11925
26
11925
23
11925
23
11925
22
11925
23
11925
25
11925
22
11925
23
11925
29
11925
21
11925
22
11925
23
11925
26
11925
20
11925
21
11925
25
11925
22
11925
82
85
85
85
11925
37
40
11925
33
36
11925
35
38
11925
36
39
11925
9
11925
47
50
47
46
46
49
11925
36
39
38
38
11925
20
23
11925
10
11925
13
16
11925
9
11925
21
24
24
11925
45
48
47
47
11925
16
11925
16
19
11925
31
34
34
11925
51
54
53
53
11925
10
11925
18
21
11925
24
27
27
11925
54
57
56
56
11925
9
11925
19
22
11925
63
66
11925
143
53
53
53
53
146
46
46
46
146
42
42
146
29
11925
35
38
11925
9
11925
16
19
11925
9
11925
11
11925
49
52
52
11925
48
22
51
37
37
37
37
11925
41
44
11925
9
11925
18
21
11925
50
31
31
53
30
30
11925
11
11925
28
31
31
11925
21
11925
25
28
11925
44
23
47
47
11925
78
22
81
32
32
81
43
43
43
11925
44
47
47
47
47
47
11925
10
11925
11
11925
20
11925
20
11925
20
11925
20
11925
20
11925
20
11925
20
11925
20
11925
20
11925
20
11925
20
11925
20
11925
20
11925
20
11925
20
11925
20
11925
21
11925
21
11925
21
11925
21
11925
21
11925
21
11925
21
11925
21
11925
20
11925
20
11925
20
11925
20
11925
20
11925
20
11925
20
11925
20
11925
21
11925
21
11925
21
11925
21
11925
21
11925
21
11925
21
11925
21
11925
22
11925
22
11925
23
11925
33
36
11925
15
11925
18
11925
7
11925
15
11925
38
11925
33
19
19
11925
34
20
393
29
30
30
30
30
32
32
378
17
10
20
16
15
15
20
378
13
16
15
15
378
15
16
16
378
23
26
17
26
26
27
27
378
19
22
22
22
378
63
18
11
14
66
23
15
18
66
15
15
18
18
41
41
41
41
41
378
17
20
11
14
20
378
25
28
20
23
19
22
28
378
23
27
27
21
24
15
18
24
12873
30
27
27
33
12858
93
96
12858
36
39
39
35
35
39
12858
503
34
34
33
33
506
448
451
451
451
451
451
451
451
451
451
451
451
451
451
451
451
451
451
451
451
451
451
451
451
451
451
451
451
451
451
12858
101
104
104
41
41
104
104
59
38
38
62
36
36
12858
86
89
86
86
86
92
92
12858
45
48
48
48
48
12858
82
85
49
49
49
85
89
89
12858
54
22
22
57
58
58
12858
181
40
40
40
184
184
68
54
35
54
54
68
184
52
52
52
52
53
53
184
41
41
41
41
35
35
41
12858
67
68
67
67
12858
146
149
149
149
53
53
53
149
25
25
149
149
149
149
149
149
93
93
149
149
20
20
12858
184
187
35
35
187
187
67
67
67
187
25
25
187
187
100
88
88
41
41
88
65
65
88
88
93
93
103
27
12858
306
309
35
35
309
309
69
69
69
309
25
25
309
309
71
71
71
77
309
52
52
52
58
57
57
309
309
30
30
309
309
25
25
25
309
41
41
309
309
61
54
54
54
54
61
309
12858
103
106
35
35
106
106
66
66
66
106
25
25
106
106
106
12858
141
144
144
144
53
53
53
144
25
25
144
144
144
144
71
71
71
68
68
71
12858
65
68
68
68
68
70
70
12858
146
149
149
149
149
70
70
149
87
52
52
52
52
53
53
86
86
86
40
34
34
40
12858
37
40
40
12858
62
65
65
36
36
65
57
57
65
12858
62
65
65
36
36
65
57
57
65
12858
66
69
69
38
38
69
59
59
69
12858
60
63
63
35
35
63
56
56
63
12858
162
40
40
40
165
165
49
49
165
52
52
52
52
53
53
165
41
41
41
41
35
35
41
12858
266
269
126
129
129
33
33
129
34
34
129
31
31
129
30
30
129
32
32
269
269
25
25
269
269
59
59
59
269
73
48
48
48
48
50
50
50
50
76
76
29
12858
80
83
34
34
83
83
42
24
42
46
46
12858
74
77
65
68
29
29
54
54
54
12858
40
43
43
12858
81
84
50
50
84
85
85
85
12858
30
33
12858
131
40
40
40
134
134
64
64
64
64
65
65
134
41
41
41
41
35
35
41
12858
172
40
40
40
175
175
59
59
175
52
52
52
52
53
53
175
41
41
41
41
35
35
41
12858
211
178
33
33
178
178
70
70
178
69
69
68
57
56
56
68
178
20
20
178
40
40
40
40
41
41
214
44
44
44
44
46
46
46
46
12858
173
176
176
69
26
72
23
72
25
72
22
72
24
176
176
176
176
176
176
57
57
57
57
176
75
75
12858
254
257
257
69
26
72
23
72
25
72
22
72
24
257
257
257
257
257
257
57
57
57
57
257
75
75
257
87
56
56
56
56
57
57
90
90
90
44
38
38
44
12858
13
12858
44
47
47
12858
68
71
63
31
31
66
47
47
47
47
12858
249
25
25
252
226
72
72
40
40
72
72
229
39
39
229
35
229
29
29
29
229
61
59
59
59
65
65
229
35
229
12858
65
68
68
49
52
52
52
52
12858
731
734
734
41
26
26
41
41
54
734
26
734
20
20
734
29
23
23
23
29
734
25
20
20
25
734
35
28
28
28
28
35
734
35
28
28
28
28
35
734
87
73
73
73
73
73
73
57
73
73
73
73
73
87
734
21
21
734
20
20
734
50
50
46
43
46
50
734
18
18
734
37
37
37
37
37
734
35
35
734
69
69
48
48
48
48
69
69
77
77
734
44
42
42
42
48
734
26
26
26
734
40
40
40
40
40
734
80
80
80
64
38
33
33
38
67
29
29
41
734
23
23
42
42
42
734
60
60
42
42
42
42
60
59
59
60
734
12858
21
22
21
21
12858
221
224
224
54
54
54
224
108
109
98
35
35
98
69
27
72
30
72
72
72
28
109
27
224
74
74
74
73
51
73
77
12858
72
75
75
60
63
36
36
36
55
55
75
12858
57
60
44
44
60
60
60
12858
175
25
25
178
156
35
27
35
92
92
92
78
78
92
92
159
29
29
29
159
62
62
62
62
62
12858
99
102
102
102
102
102
102
102
47
47
47
47
47
47
12858
75
25
25
78
78
46
35
35
49
26
12858
50
53
37
37
53
53
53
12858
36
39
39
12858
57
60
38
38
38
60
60
60
60
12858
48
51
24
24
51
32
31
31
12858
209
25
25
97
97
57
57
97
46
32
32
46
22
212
87
60
52
51
51
63
87
87
25
25
212
44
44
44
45
45
12858
70
73
72
72
72
12858
57
60
57
48
34
48
48
57
12858
38
16
41
33
33
33
12858
211
178
33
33
178
178
70
70
178
69
69
68
57
56
56
68
178
20
20
178
40
40
40
40
41
41
214
44
44
44
44
46
46
46
46
12858
43
46
20
46
46
12858
36
39
38
38
38
12858
42
43
42
42
12858
30
15
15
33
12858
99
102
102
102
102
102
102
12858
19
22
22
22
12858
19
12858
19
22
12858
29
32
12858
963
966
966
966
966
966
966
966
966
966
966
966
966
966
966
966
966
966
966
966
966
966
966
966
966
966
966
966
966
966
966
966
966
966
966
966
966
966
966
966
966
966
966
966
966
966
966
966
966
966
966
966
966
966
966
966
966
966
966
966
966
966
966
966
966
966
966
966
966
966
966
966
966
966
966
966
966
966
966
966
966
966
966
966
966
966
966
966
966
966
966
966
966
966
966
966
966
966
966
966
966
966
966
966
966
966
966
966
966
966
966
966
966
966
966
966
966
966
966
966
966
966
966
966
12858
13
12858
13
12858
13
12858
13
12858
13
12858
13
12858
13
12858
13
12858
13
12858
13
12858
13
12858
13
12858
13
12858
13
12858
13
12858
13
12858
13
12858
50
53
53
53
22
22
12858
16
12858
16
12858
16
12858
16
12858
16
12858
16
12858
16
12858
16
12858
16
12858
16
12858
17
12858
16
12858
16
12858
17
12858
17
12858
16
12858
16
12858
16
12858
17
12858
16
12858
17
12858
17
12858
17
12858
17
12858
18
21
21
21
21
12858
19
22
22
22
22
22
12858
16
19
19
12858
18
21
21
21
21
12858
16
19
19
12858
18
21
21
21
21
12858
20
23
23
23
23
23
23
12858
16
19
19
12858
15
18
12858
16
19
19
12858
19
22
22
22
22
22
12858
30
31
31
31
31
31
31
31
31
31
31
31
31
12858
19
22
22
22
22
22
12858
18
21
21
21
21
12858
20
23
23
23
23
23
23
12858
15
18
12858
20
23
23
23
23
23
23
12858
17
20
20
20
12858
17
20
20
20
12858
18
21
21
21
21
12858
20
23
23
23
23
23
23
12858
19
22
22
22
22
22
12858
19
22
22
22
22
22
12858
21
24
24
24
24
24
24
24
12858
23
26
26
26
26
26
26
26
26
26
12858
19
22
22
22
22
22
12858
18
21
21
21
21
12858
30
31
31
31
31
31
31
31
31
31
31
31
12858
30
31
31
31
31
31
31
31
31
31
31
31
12858
40
41
41
41
41
41
41
41
41
41
41
41
41
41
41
41
41
12858
21
24
24
24
24
24
24
24
12858
20
23
23
23
23
23
23
12858
23
26
26
26
26
26
26
26
26
26
12858
21
24
24
24
24
24
24
24
12858
19
22
22
22
22
22
12858
17
20
20
20
12858
19
22
22
22
22
22
12858
21
24
24
24
24
24
24
24
12858
17
20
20
20
12858
17
20
20
20
12858
17
20
20
20
12858
16
19
19
12858
19
22
22
22
22
22
12858
19
22
22
22
22
22
12858
22
25
25
25
25
25
25
25
25
12858
19
22
22
22
22
22
12858
20
23
23
23
23
23
23
12858
17
20
20
20
12858
16
19
19
12858
20
23
23
23
23
23
23
12858
17
20
20
20
12858
17
20
20
20
12858
17
20
20
20
12858
18
21
21
21
21
12858
19
22
22
22
22
22
12858
15
18
12858
19
22
22
22
22
22
12858
22
25
25
25
25
25
25
25
25
12858
15
18
12858
18
21
21
21
21
12858
20
23
23
23
23
23
23
12858
22
25
25
25
25
25
25
25
25
12858
18
21
21
21
21
12858
19
22
22
22
22
22
12858
20
23
23
23
23
23
23
12858
22
25
25
25
25
25
25
25
25
12858
17
20
20
20
12858
15
18
12858
19
22
22
22
22
22
12858
17
20
20
20
12858
16
19
19
12858
17
20
20
20
12858
17
20
20
20
12858
18
21
21
21
21
12858
18
21
21
21
21
12858
20
23
23
23
23
23
23
12858
15
18
12858
16
19
19
12858
20
23
23
23
23
23
23
12858
17
20
20
20
12858
15
18
12858
19
22
22
22
22
22
12858
15
18
12858
15
18
12858
18
21
21
21
21
12858
18
21
21
21
21
12858
17
20
20
20
12858
19
22
22
22
22
22
12858
20
23
23
23
23
23
23
12858
18
21
21
21
21
12858
18
21
21
21
21
12858
22
25
25
25
25
25
25
25
25
12858
23
26
26
26
26
26
26
26
26
26
12858
19
22
22
22
22
22
12858
20
23
23
23
23
23
23
12858
20
23
23
23
23
23
23
12858
19
22
22
22
22
22
12858
20
23
23
23
23
23
23
12858
21
24
24
24
24
24
24
24
12858
18
21
21
21
21
12858
21
24
24
24
24
24
24
24
12858
16
19
19
12858
22
25
25
25
25
25
25
25
25
12858
19
22
22
22
22
22
12858
16
19
19
12858
18
21
21
21
21
12858
17
20
20
20
12858
22
25
25
25
25
25
25
25
25
12858
17
20
20
20
12858
15
18
12858
26
27
27
27
27
27
27
27
27
27
27
12858
20
23
23
23
23
23
23
12858
18
21
21
21
21
12858
19
22
22
22
22
22
12858
19
22
22
22
22
22
12858
18
21
21
21
21
12858
19
22
22
22
22
22
12858
19
22
22
22
22
22
12858
17
20
20
20
12858
20
23
23
23
23
23
23
12858
17
20
20
20
12858
18
21
21
21
21
12858
17
20
20
20
12858
20
23
23
23
23
23
23
12858
74
26
21
21
26
77
26
21
21
26
77
19
19
77
30
12858
62
41
25
25
41
42
42
42
65
32
32
32
32
32
12858
29
17
32
23
12858
28
31
25
25
31
12858
20
23
12858
34
20
12858
39
25
25
25
25
12858
37
12858
6
12858
20
12858
19
12858
19
12858
19
12858
19
12858
19
12858
19
12858
19
12858
19
12858
19
12858
19
12858
19
12858
19
12858
19
12858
19
12858
19
12858
19
12858
19
12858
19
12858
19
12858
19
12858
19
12858
19
12858
19
12858
19
12858
19
12858
19
11937
60
63
63
63
11924
40
43
43
43
11924
46
49
49
49
47
47
49
11924
183
48
186
47
186
52
186
57
186
11924
76
79
51
51
51
51
11924
85
88
71
71
71
71
71
71
71
11924
21
24
11924
88
91
91
91
25
25
91
28
28
91
11924
42
45
45
42
42
45
11924
35
38
37
37
11924
26
29
28
28
11924
86
89
89
44
44
89
89
89
89
89
11924
34
37
36
36
11924
45
48
48
48
11924
28
31
11924
73
76
76
76
64
64
76
11924
26
29
28
28
11924
31
34
34
11924
35
38
38
11924
47
50
21
50
33
11924
188
191
191
191
191
191
191
191
191
11924
100
22
22
103
103
103
42
42
103
33
33
103
21
24
11924
35
38
11924
73
76
76
61
61
76
11924
40
43
11924
34
37
37
11924
42
42
45
11924
155
158
158
158
158
158
158
11924
57
60
60
57
57
60
11924
45
48
25
25
48
48
11924
87
22
22
90
90
90
42
42
90
72
72
90
11924
44
47
11924
46
49
48
48
11924
49
52
51
51
11924
23
26
25
25
11924
30
33
11924
63
66
62
62
55
55
62
63
66
11924
14
11924
55
36
35
35
58
29
28
28
11924
58
61
61
61
61
61
11924
58
61
61
61
61
61
61
61
11924
40
43
43
40
40
43
11924
45
48
40
39
29
29
39
11924
36
39
38
38
11924
30
33
33
11924
84
68
42
42
68
69
69
87
11924
49
52
52
11924
54
57
57
57
11924
9
11924
9
11924
30
33
32
32
11924
87
90
90
90
90
90
11924
63
66
66
66
66
61
61
66
11924
17
11924
42
45
44
44
11924
29
32
32
11924
52
55
55
11924
49
52
42
42
41
41
52
51
52
11924
46
49
49
49
11924
45
48
44
48
11924
41
41
44
11924
137
48
48
140
27
140
31
140
26
140
36
11924
46
49
11924
33
36
36
36
11924
23
11924
25
28
11924
25
28
28
11924
61
64
64
11924
31
34
11924
48
51
51
11924
520
523
42
42
39
39
42
523
51
51
51
52
52
523
37
37
37
37
523
36
36
523
43
43
43
43
523
57
57
57
45
57
523
63
63
63
63
523
72
72
72
72
72
523
39
39
523
29
29
523
27
27
523
28
28
523
31
31
523
523
29
523
29
29
11924
58
61
61
61
61
61
61
11924
36
39
38
38
11924
18
21
11924
23
26
26
26
11924
26
29
28
28
11924
74
77
77
77
77
11924
31
34
11924
68
34
34
71
32
32
71
19
11924
57
60
42
42
42
42
11924
42
45
11924
62
65
65
65
65
11924
18
11924
20
23
23
11924
30
33
32
32
11924
14
11924
14
11924
796
799
30
30
799
26
26
799
62
62
62
62
799
38
38
38
799
45
45
799
33
33
33
799
38
38
38
799
19
799
31
31
31
799
28
27
27
799
22
22
22
22
36
799
14
14
26
799
40
28
28
28
40
799
36
25
25
36
799
52
40
25
40
38
38
40
49
52
799
46
33
33
33
33
46
799
37
37
799
38
27
27
38
799
30
30
799
30
30
799
30
30
799
31
31
799
31
31
799
43
43
43
43
799
18
18
104
105
84
84
84
84
84
84
84
84
84
84
84
84
105
11924
157
23
23
160
160
160
160
160
25
25
160
23
23
160
80
79
79
51
11924
101
58
58
104
53
52
52
11924
89
79
79
79
79
79
92
11924
64
67
67
11924
79
82
81
40
23
23
40
81
56
56
47
47
47
56
59
59
11924
23
26
11924
59
62
11924
18
21
21
11924
23
13
26
11924
34
13
37
11924
36
39
30
30
11924
41
25
44
26
11924
25
28
28
11924
24
11924
20
11924
22
11924
18
11924
16
11924
16
11924
18
11924
16
11924
18
11924
18
11924
24
11924
22
11924
12
11924
20
11924
16
11924
16
11924
22
11924
18
11924
22
11924
18
11924
14
11924
12
11924
16
11924
28
11924
20
11924
28
11924
14
11924
26
11924
16
11924
20
11924
14
11924
22
11924
22
11924
26
11924
20
11924
20
11924
18
11924
20
11924
24
11924
18
11924
20
11924
32
11924
16
11924
18
11924
20
11924
26
11924
14
11924
16
11924
24
11924
18
11924
97
100
100
100
11924
36
39
11924
32
35
11924
34
37
11924
35
38
11924
8
11924
46
49
46
45
45
21
11924
35
38
37
37
11924
19
22
11924
9
11924
12
15
11924
8
11924
20
23
23
11924
44
47
46
46
11924
15
11924
15
18
11924
30
33
33
11924
50
53
52
52
11924
9
11924
17
20
11924
23
26
26
11924
53
56
55
55
11924
8
11924
18
21
11924
84
87
11924
142
52
52
52
52
145
45
45
45
145
41
41
145
28
11924
34
37
11924
8
11924
15
18
11924
8
11924
10
11924
48
51
51
11924
47
21
50
36
36
36
36
11924
40
43
11924
8
11924
33
34
11924
67
46
46
68
47
47
11924
10
11924
42
43
43
11924
20
11924
24
27
11924
43
22
46
46
11924
77
21
80
31
31
80
42
42
42
11924
43
46
46
46
46
46
11924
9
11924
23
11924
15
11924
15
11924
15
11924
15
11924
15
11924
15
11924
13
11924
14
11924
12
11924
15
11924
11
11924
11
11924
13
11924
14
11924
17
11924
14
11924
15
11924
12
11924
12
11924
18
11924
13
11924
12
11924
13
11924
13
11924
12
11924
12
11924
12
11924
12
11924
15
11924
14
11924
14
11924
12
11924
20
11924
20
11924
20
11924
20
11924
20
11924
19
11924
20
11924
20
11924
24
11924
24
11924
26
11924
44
47
11924
14
11924
17
11924
11
11924
19
11924
41
11924
41
25
25
11924
47
31
